{
    "acc": 0.0945945945945946,
    "rec": 0.11965811965811966,
    "f1": 0.10566037735849057,
    "facc": 0.17567567567567569,
    "dacc": 0.34285714285714286,
    "drec": 1.0,
    "df1": 0.5106382978723404,
    "loss": 0.5882219821214676
}